#	 blue_metal.txt
rico:	0.00151468883731
bias:	-0.00912254540772
