#	 pink_metal.txt
rico:	0.00148740155529
bias:	-0.00897885182026
